Marker	Chromosome	Position	-log(P-value)
SNP3960	3	13077093	-5.18708664335714
SNP4898	3	36375028	-3.20078700019415
SNP5012	4	4271251	-3.75156324287552
SNP8964	8	14879639	-3.82596637290559
SNP3635	3	4511312	-2.95348844750349
SNP6973	6	3377594	-3.50379016190412
SNP7186	6	9316811	-3.67346752193279
SNP7010	6	4563344	-2.90902952672426
SNP7193	6	9604741	-4.10182351650232
SNP7390	6	16416489	-3.165157288336
SNP7445	6	18116204	-3.71812160435982
SNP7447	6	18149332	-3.96944885049652
SNP8885	8	10395951	-2.9698805745148
SNP994	1	23337182	-3.6965080317515
SNP10376	10	17108109	-2.86466695125818
SNP3597	3	3645117	-2.60606242173312
SNP6116	5	6992638	-2.93774715143132
SNP6697	5	27291245	-2.86080530903363
SNP7192	6	9531374	-4.54821356447571
SNP7226	6	10687993	-3.07433370581985
SNP8427	7	24784697	-3.35651968747156
SNP8892	8	10653252	-2.73322166228435
SNP996	1	23340988	-3.91176465533241
SNP11377	11	22194411	-2.28048682813401
SNP1600	1	36728890	-2.60560768848535
SNP3941	3	12511275	-2.6525585463303
SNP4925	4	519919	-2.49432375860334
SNP8017	7	5932127	-2.62139808308651
SNP8481	7	26313611	-2.57013875642822
SNP8963	8	14875638	-3.59084152382686
SNP9004	8	16698374	-3.76969927496225
SNP9920	9	19707980	-2.5018971299844
SNP9964	9	21881947	-2.85673469346452
SNP10392	10	17504038	-2.30686476262759
SNP10489	10	20364062	-2.05070730573947
SNP1303	1	30547272	-2.14106862753929
SNP1459	1	33895468	-2.21848868844969
SNP181	1	3824930	-2.63758708579487
SNP2571	2	12357952	-3.23970797531049
SNP2684	2	17351410	-4.15614457737684
SNP2730	2	18701267	-1.53084377436128
SNP3781	3	8336216	-2.32670329742662
SNP4093	3	16601179	-2.19544692366231
SNP501	1	7496080	-1.6040304188267
SNP5020	4	4407554	-1.61879194868961
SNP5187	4	11650104	-2.5803640628153
SNP5252	4	14804627	-2.55109945016633
SNP5718	4	31299165	-2.41374777136385
SNP5914	5	1144405	-1.59650561439791
SNP63	1	1175090	-2.53685879676739
SNP67	1	1401052	-2.45344758968122
SNP70	1	1444302	-3.05464123336562
SNP7153	6	8234981	-2.49611865552096
SNP7174	6	8837116	-2.56473518598208
SNP7189	6	9362972	-3.39534310721411
SNP7191	6	9529974	-2.7485958993912
SNP7199	6	9831035	-2.48697294513418
SNP7200	6	9834592	-3.44664014007893
SNP7272	6	11979033	-2.27138774763267
SNP7273	6	12054757	-2.1084139865703
SNP7350	6	14938244	-2.25056346652083
SNP7982	7	4587362	-2.28095715047716
SNP8000	7	5309784	-2.10814755614408
SNP8069	7	8870226	-2.17580085659102
SNP8202	7	16963837	-2.44446216839642
SNP85	1	1767292	-2.31514826755351
SNP8552	7	28834114	-2.23053227917451
SNP8585	8	51045	-3.26419358267287
SNP8974	8	15199041	-3.68816987929198
SNP931	1	22140434	-2.23916822107959
SNP933	1	22177253	-2.24576484027262
SNP9395	9	2401112	-2.24272258320364
SNP9482	9	6030896	-2.40199039343072
SNP952	1	22625023	-2.46944903687982
SNP9548	9	7867785	-2.25478619394645
SNP992	1	23314458	-3.49999555860044
