Num	Marker	CV-1_RRB	CV-2_RRB	CV-3_RRB	CV-1_BTS	CV-2_BTS	CV-3_BTS	Total_score
1	SNP3960	1	1	1	1	1	1	6
2	SNP4898	1	1	1	1	1	1	6
3	SNP5012	1	1	1	1	1	1	6
4	SNP8964	1	1	1	1	1	1	6
5	SNP3635	1	1	0	1	1	1	5
6	SNP6973	1	1	1	1	1	0	5
7	SNP7186	1	1	1	1	0	1	5
8	SNP7010	0	1	1	0	1	1	4
9	SNP7193	0	1	0	1	1	1	4
10	SNP7390	1	1	0	1	1	0	4
11	SNP7445	0	1	1	1	0	1	4
12	SNP7447	1	1	0	1	1	0	4
13	SNP8885	0	1	1	0	1	1	4
14	SNP994	0	1	0	1	1	1	4
15	SNP10376	1	1	0	1	0	0	3
16	SNP3597	0	1	0	1	1	0	3
17	SNP6116	1	0	0	0	1	1	3
18	SNP6697	1	1	0	1	0	0	3
19	SNP7192	0	0	1	1	0	1	3
20	SNP7226	1	0	1	0	1	0	3
21	SNP8427	0	1	1	0	1	0	3
22	SNP8892	0	1	0	1	1	0	3
23	SNP996	0	1	0	1	1	0	3
24	SNP11377	1	0	0	0	1	0	2
25	SNP1600	0	1	0	0	1	0	2
26	SNP3941	1	1	0	0	0	0	2
27	SNP4925	1	0	0	1	0	0	2
28	SNP8017	0	1	0	0	1	0	2
29	SNP8481	1	0	0	1	0	0	2
30	SNP8963	1	0	1	0	0	0	2
31	SNP9004	0	1	0	0	1	0	2
32	SNP9920	1	0	0	1	0	0	2
33	SNP9964	1	0	0	1	0	0	2
34	SNP10392	0	0	0	0	1	0	1
35	SNP10489	0	0	0	0	1	0	1
36	SNP1303	0	0	0	0	1	0	1
37	SNP1459	1	0	0	0	0	0	1
38	SNP181	0	1	0	0	0	0	1
39	SNP2571	0	0	0	0	0	1	1
40	SNP2684	0	0	0	1	0	0	1
41	SNP2730	0	0	0	0	1	0	1
42	SNP3781	0	0	0	0	1	0	1
43	SNP4093	1	0	0	0	0	0	1
44	SNP501	0	0	0	0	1	0	1
45	SNP5020	0	0	0	0	1	0	1
46	SNP5187	0	0	0	0	1	0	1
47	SNP5252	0	0	0	1	0	0	1
48	SNP5718	1	0	0	0	0	0	1
49	SNP5914	0	0	0	0	1	0	1
50	SNP63	0	0	0	1	0	0	1
51	SNP67	1	0	0	0	0	0	1
52	SNP70	0	1	0	0	0	0	1
53	SNP7153	1	0	0	0	0	0	1
54	SNP7174	0	0	0	0	1	0	1
55	SNP7189	0	0	0	1	0	0	1
56	SNP7191	1	0	0	0	0	0	1
57	SNP7199	1	0	0	0	0	0	1
58	SNP7200	0	0	0	0	1	0	1
59	SNP7272	0	0	0	0	1	0	1
60	SNP7273	0	0	0	0	1	0	1
61	SNP7350	1	0	0	0	0	0	1
62	SNP7982	1	0	0	0	0	0	1
63	SNP8000	0	0	0	0	1	0	1
64	SNP8069	1	0	0	0	0	0	1
65	SNP8202	0	0	0	0	1	0	1
66	SNP85	0	0	0	0	1	0	1
67	SNP8552	1	0	0	0	0	0	1
68	SNP8585	0	0	0	0	0	1	1
69	SNP8974	0	0	0	0	1	0	1
70	SNP931	0	0	0	0	1	0	1
71	SNP933	1	0	0	0	0	0	1
72	SNP9395	1	0	0	0	0	0	1
73	SNP9482	0	0	0	0	1	0	1
74	SNP952	1	0	0	0	0	0	1
75	SNP9548	0	0	0	0	1	0	1
76	SNP992	0	1	0	0	0	0	1
