Marker	Chromosome	Position	logP
id3001967	3	3639159	-4.68613277963085
id3006754	3	13077093	-5.18708664335714
id6002745	6	3330294	-4.26680273489343
id6006123	6	9652192	-4.96657624451305
id8004083	8	15206184	-5.08990945440593
ud8001093	8	16698374	-3.76969927496225
wd7000321	7	3135312	-5.11918640771921
id3018557	3	36375028	-3.20078700019415
id7000632	7	4729361	-3.89605951491698
ud4000280	4	4139616	-4.05256627811295
id1023267	1	36814192	-3.01403806161701
id3015979	3	33071567	-2.73622928549613
id5003522	5	6992638	-2.93774715143132
id5013321	5	27353509	-2.66848949698337
id6005265	6	8093540	-4.35359627377693
id6006118	6	9651785	-5.84163750790475
id6010063	6	17993684	-3.96944885049652
id9007431	9	21900226	-2.93000685878649
id1012557	1	22127763	-2.66052868297072
id1013354	1	23337182	-3.6965080317515
id1013613	1	23632442	-3.20683427536835
id1023240	1	36728890	-2.60560768848535
id11007127	11	18884148	-3.22877642072072
id3003006	3	5017852	-2.82122356471855
id4001732	4	4271251	-3.75156324287552
id4004398	4	15519583	-2.43370183437861
id6003300	6	4612943	-3.08829919690399
id7000987	7	5936545	-2.95091344886099
id7002470	7	15588952	-2.87678949804466
id7004583	7	24784697	-3.35651968747156
id8003995	8	14879639	-3.82596637290559
id9002030	9	7005739	-3.05951290066527
ud7001067	7	15702110	-2.56898960574288
ud8000587	8	10395951	-2.9698805745148
wd6000380	6	8837116	-2.56473518598208
dd11000851	11	22103236	-2.87081976843974
id1008109	1	11360616	-2.91069448743255
id1012864	1	22625023	-2.46944903687982
id1013385	1	23340988	-3.91176465533241
id1013402	1	23360455	-3.45232372944531
id11007727	11	19960878	-2.85926512719517
id12005091	12	14122084	-2.53844430137641
id2000397	2	564804	-3.4144501646616
id2005562	2	12357952	-3.23970797531049
id3006422	3	12511275	-2.6525585463303
id5013276	5	27291245	-2.86080530903363
id6002750	6	3330720	-3.75023192848438
id6005882	6	9316811	-3.67346752193279
id6006146	6	9683473	-4.77469071827414
id6006591	6	10687993	-3.07433370581985
id6010134	6	18149332	-3.96944885049652
id7001678	7	9148762	-2.76054235134341
id7002719	7	16963837	-2.44446216839642
id7004587	7	24790535	-2.90145837133998
id7005797	7	28840837	-2.63158926118628
id8000022	8	51045	-3.26419358267287
id8000483	8	1721052	-2.77203929174457
id8001958	8	5751022	-2.70421503781481
id8003978	8	14759246	-3.41167450001155
id8003985	8	14875638	-3.59084152382686
id8003996	8	14919785	-3.54569644048929
id9001571	9	6029436	-2.76696528736953
id9002393	9	7867785	-2.25478619394645
wd1001865	1	34066554	-2.62259739142538
wd6000562	6	9572355	-2.60506700943726
wd6000616	6	9862208	-3.70440211569697
dd11001270	11	22189552	-2.86659906590934
id1000058	1	203126	-2.09018470162
id10003251	10	11996710	-2.10918896207165
id10004845	10	17108109	-2.86466695125818
id1001182	1	1444302	-3.05464123336562
id1001357	1	1767292	-2.31514826755351
id1009967	1	15132865	-2.45394730451135
id1013422	1	23366407	-3.74279436770669
id1015546	1	26702685	-2.13470451587624
id1017916	1	30014264	-3.8462034221239
id1018372	1	30547272	-2.14106862753929
id1021175	1	34136618	-2.52042195480043
id11005328	11	15609416	-2.1683101210116
id11007232	11	19018285	-2.46124346367819
id11008322	11	21757004	-1.96504532349737
id12007390	12	22098232	-2.39824846726995
id2000833	2	1000060	-1.10429460268208
id2001360	2	2129716	-2.42199837584767
id2004446	2	8976763	-2.10656816079956
id2004984	2	10637728	-2.17916989289865
id2005644	2	12488337	-2.90300105258862
id2007436	2	18702697	-2.2771634539831
id3000735	3	1246361	-2.71654362921102
id3001964	3	3633697	-3.49625016160469
id3002064	3	3766414	-4.6345120151091
id3002646	3	4511312	-2.95348844750349
id3006810	3	13223422	-2.57888081220603
id3008015	3	16041457	-2.04681227231482
id3010577	3	23045801	-2.68231955578544
id4000310	4	519919	-2.49432375860334
id4010292	4	30289851	-2.14593941911985
id4011023	4	31957193	-2.15036791384402
id5002603	5	4882938	-1.75925703469405
id5006883	5	17116954	-2.5611845034063
id5013592	5	27668903	-1.76092360777634
id6002561	6	3200185	-2.23921025575987
id6002690	6	3289852	-3.31076042036832
id6002701	6	3312612	-3.71690013155746
id6002767	6	3364148	-3.50379016190412
id6002792	6	3385137	-2.29637988650786
id6004987	6	7923685	-2.79368829840033
id6005271	6	8126688	-4.23732143627256
id6005996	6	9362972	-3.39534310721411
id6006031	6	9370687	-3.2710743001228
id6006058	6	9421046	-2.5264067685219
id6006091	6	9531374	-4.54821356447571
id6006153	6	9684568	-3.68557656439549
id6006212	6	9834592	-3.44664014007893
id6006256	6	10014027	-3.26482202700047
id6006268	6	10016072	-3.11514405421463
id6006273	6	10084550	-2.6240612676431
id6006705	6	10806908	-2.55371826572843
id6006725	6	10846189	-2.79257946690602
id6006868	6	11014079	-2.54254746496841
id6007829	6	12950900	-2.74687725643955
id6009335	6	16416489	-3.165157288336
id6010102	6	18088445	-3.73417549818134
id6010115	6	18116204	-3.71812160435982
id6010122	6	18119356	-3.53425588255374
id6010481	6	19782823	-2.11576340633363
id6015315	6	27219922	-2.6585312476384
id7000636	7	4731155	-3.18013901363945
id7000656	7	4754363	-2.40890532747316
id7001546	7	8466828	-2.32773621783045
id7005072	7	26313611	-2.57013875642822
id7005449	7	27594710	-1.7524969585344
id8004300	8	16335239	-2.43147631312761
id8004304	8	16339623	-3.27835011172448
id9001533	9	5921125	-1.76124592154378
id9001676	9	6215072	-2.14141528527361
id9001694	9	6244574	-2.90341287465082
id9004974	9	16322867	-2.79266513788565
id9006267	9	18178740	-2.56774684346914
id9007427	9	21881947	-2.85673469346452
ud2000772	2	14370758	-2.76446145333822
ud7001431	7	20253219	-2.61873217562075
wd3000121	3	3573175	-3.98671606128223
wd4001623	4	11650104	-2.5803640628153
wd6000527	6	9552185	-3.65168345205571
wd7002663	7	18408767	-2.6424432299113
