Num	Marker	CV-1_RRblup	CV-2_RRblup	CV-3_RRblup	CV-1_RF	CV-2_RF	CV-3_RF	Total_score
1	id3001967	1	1	1	1	1	1	6
2	id3006754	1	1	1	1	1	1	6
3	id6002745	1	1	1	1	1	1	6
4	id6006123	1	1	1	1	1	1	6
5	id8004083	1	1	1	1	1	1	6
6	ud8001093	1	1	1	1	1	1	6
7	wd7000321	1	1	1	1	1	1	6
8	id3018557	1	1	1	1	0	1	5
9	id7000632	1	1	1	0	1	1	5
10	ud4000280	1	1	1	0	1	1	5
11	id1023267	1	1	0	0	1	1	4
12	id3015979	1	1	0	1	1	0	4
13	id5003522	1	1	0	1	1	0	4
14	id5013321	1	1	1	0	1	0	4
15	id6005265	1	1	0	1	1	0	4
16	id6006118	0	1	0	1	1	1	4
17	id6010063	1	1	0	1	1	0	4
18	id9007431	1	1	1	0	0	1	4
19	id1012557	0	1	1	0	1	0	3
20	id1013354	0	1	0	0	1	1	3
21	id1013613	1	0	1	0	0	1	3
22	id1023240	0	1	0	1	1	0	3
23	id11007127	1	1	1	0	0	0	3
24	id3003006	0	1	1	0	0	1	3
25	id4001732	0	1	0	1	1	0	3
26	id4004398	0	1	0	1	1	0	3
27	id6003300	1	0	1	0	0	1	3
28	id7000987	1	0	1	1	0	0	3
29	id7002470	0	0	1	1	0	1	3
30	id7004583	1	1	0	0	0	1	3
31	id8003995	1	1	0	0	1	0	3
32	id9002030	0	1	1	0	1	0	3
33	ud7001067	0	1	1	1	0	0	3
34	ud8000587	1	1	0	0	1	0	3
35	wd6000380	0	0	0	1	1	1	3
36	dd11000851	0	0	0	1	0	1	2
37	id1008109	1	1	0	0	0	0	2
38	id1012864	0	1	0	0	1	0	2
39	id1013385	0	1	0	1	0	0	2
40	id1013402	1	1	0	0	0	0	2
41	id11007727	1	0	1	0	0	0	2
42	id12005091	0	0	1	0	0	1	2
43	id2000397	1	0	0	1	0	0	2
44	id2005562	0	0	0	1	0	1	2
45	id3006422	0	1	1	0	0	0	2
46	id5013276	1	0	0	1	0	0	2
47	id6002750	0	0	0	1	0	1	2
48	id6005882	0	0	0	1	1	0	2
49	id6006146	0	1	0	0	0	1	2
50	id6006591	1	1	0	0	0	0	2
51	id6010134	0	0	0	1	1	0	2
52	id7001678	1	0	0	0	0	1	2
53	id7002719	0	1	0	0	1	0	2
54	id7004587	0	0	1	0	1	0	2
55	id7005797	0	1	0	0	1	0	2
56	id8000022	0	0	1	0	0	1	2
57	id8000483	0	1	0	0	1	0	2
58	id8001958	0	1	1	0	0	0	2
59	id8003978	0	1	0	0	1	0	2
60	id8003985	0	1	0	0	1	0	2
61	id8003996	1	1	0	0	0	0	2
62	id9001571	1	0	1	0	0	0	2
63	id9002393	0	0	0	1	0	1	2
64	wd1001865	0	1	0	1	0	0	2
65	wd6000562	0	1	0	0	0	1	2
66	wd6000616	1	0	0	0	1	0	2
67	dd11001270	0	0	0	0	0	1	1
68	id1000058	0	0	0	1	0	0	1
69	id10003251	0	0	0	1	0	0	1
70	id10004845	1	0	0	0	0	0	1
71	id1001182	1	0	0	0	0	0	1
72	id1001357	0	0	1	0	0	0	1
73	id1009967	0	0	0	0	0	1	1
74	id1013422	0	0	0	0	1	0	1
75	id1015546	0	0	0	1	0	0	1
76	id1017916	0	0	0	0	1	0	1
77	id1018372	0	0	0	1	0	0	1
78	id1021175	0	0	0	0	0	1	1
79	id11005328	0	0	0	0	0	1	1
80	id11007232	0	0	1	0	0	0	1
81	id11008322	0	0	0	1	0	0	1
82	id12007390	0	0	0	0	1	0	1
83	id2000833	0	0	0	0	0	1	1
84	id2001360	0	0	0	0	1	0	1
85	id2004446	0	0	0	1	0	0	1
86	id2004984	0	0	0	0	0	1	1
87	id2005644	0	1	0	0	0	0	1
88	id2007436	0	0	1	0	0	0	1
89	id3000735	0	1	0	0	0	0	1
90	id3001964	0	0	0	1	0	0	1
91	id3002064	0	0	0	0	0	1	1
92	id3002646	0	0	0	0	1	0	1
93	id3006810	0	1	0	0	0	0	1
94	id3008015	0	0	0	1	0	0	1
95	id3010577	0	0	0	0	0	1	1
96	id4000310	0	1	0	0	0	0	1
97	id4010292	0	0	0	0	1	0	1
98	id4011023	0	0	0	1	0	0	1
99	id5002603	0	0	0	1	0	0	1
100	id5006883	0	0	1	0	0	0	1
101	id5013592	0	0	0	1	0	0	1
102	id6002561	0	0	0	0	0	1	1
103	id6002690	0	0	0	0	0	1	1
104	id6002701	0	0	0	0	1	0	1
105	id6002767	1	0	0	0	0	0	1
106	id6002792	0	0	1	0	0	0	1
107	id6004987	0	0	1	0	0	0	1
108	id6005271	0	0	0	1	0	0	1
109	id6005996	0	0	0	0	1	0	1
110	id6006031	1	0	0	0	0	0	1
111	id6006058	0	0	1	0	0	0	1
112	id6006091	0	0	0	0	0	1	1
113	id6006153	0	0	0	0	1	0	1
114	id6006212	0	0	0	1	0	0	1
115	id6006256	1	0	0	0	0	0	1
116	id6006268	0	0	0	1	0	0	1
117	id6006273	0	0	0	0	1	0	1
118	id6006705	0	1	0	0	0	0	1
119	id6006725	0	0	0	0	0	1	1
120	id6006868	0	0	1	0	0	0	1
121	id6007829	0	0	0	0	1	0	1
122	id6009335	0	0	0	0	0	1	1
123	id6010102	0	0	0	1	0	0	1
124	id6010115	1	0	0	0	0	0	1
125	id6010122	1	0	0	0	0	0	1
126	id6010481	0	0	0	0	0	1	1
127	id6015315	1	0	0	0	0	0	1
128	id7000636	0	0	0	1	0	0	1
129	id7000656	0	0	0	0	0	1	1
130	id7001546	0	0	1	0	0	0	1
131	id7005072	0	0	1	0	0	0	1
132	id7005449	0	0	0	1	0	0	1
133	id8004300	0	1	0	0	0	0	1
134	id8004304	1	0	0	0	0	0	1
135	id9001533	0	0	0	1	0	0	1
136	id9001676	0	0	0	1	0	0	1
137	id9001694	0	0	0	1	0	0	1
138	id9004974	0	1	0	0	0	0	1
139	id9006267	0	1	0	0	0	0	1
140	id9007427	0	0	0	0	1	0	1
141	ud2000772	0	0	1	0	0	0	1
142	ud7001431	0	1	0	0	0	0	1
143	wd3000121	0	0	1	0	0	0	1
144	wd4001623	0	0	1	0	0	0	1
145	wd6000527	0	1	0	0	0	0	1
146	wd7002663	0	0	0	1	0	0	1
