Num	Marker	CV-1_RRB	CV-2_RRB	CV-3_RRB	CV-1_BTS	CV-2_BTS	CV-3_BTS	Total_score
1	SNP2684	1	1	1	1	1	1	6
2	SNP3960	1	1	1	1	1	1	6
3	SNP4898	1	1	1	1	1	1	6
4	SNP5012	1	1	1	1	1	1	6
5	SNP6973	1	1	1	1	1	1	6
6	SNP7146	1	1	1	1	1	1	6
7	SNP7192	1	1	1	1	1	1	6
8	SNP7194	1	1	1	1	1	1	6
9	SNP8964	1	1	1	1	1	1	6
10	SNP7445	1	1	1	0	1	1	5
11	SNP10376	1	1	1	1	0	0	4
12	SNP7186	0	1	1	1	1	0	4
13	SNP7193	0	1	0	1	1	1	4
14	SNP7447	0	1	0	1	1	1	4
15	SNP996	0	1	0	1	1	1	4
16	SNP2571	0	0	1	1	0	1	3
17	SNP3635	1	1	0	1	0	0	3
18	SNP6116	1	0	1	0	1	0	3
19	SNP7010	0	1	1	1	0	0	3
20	SNP8427	0	1	1	0	0	1	3
21	SNP9004	0	1	0	0	1	1	3
22	SNP9964	1	0	1	1	0	0	3
23	SNP3597	0	0	0	1	1	0	2
24	SNP70	1	1	0	0	0	0	2
25	SNP7189	1	0	0	0	1	0	2
26	SNP7226	1	0	1	0	0	0	2
27	SNP7390	0	1	1	0	0	0	2
28	SNP8481	1	0	0	1	0	0	2
29	SNP8885	0	1	1	0	0	0	2
30	SNP8892	0	0	1	0	1	0	2
31	SNP8963	0	0	1	1	0	0	2
32	SNP8994	0	0	1	0	0	1	2
33	SNP9512	1	0	0	0	1	0	2
34	SNP994	0	1	0	0	1	0	2
35	SNP11921	1	0	0	0	0	0	1
36	SNP12117	1	0	0	0	0	0	1
37	SNP3781	1	0	0	0	0	0	1
38	SNP3941	1	0	0	0	0	0	1
39	SNP4273	0	0	1	0	0	0	1
40	SNP4925	1	0	0	0	0	0	1
41	SNP5000	1	0	0	0	0	0	1
42	SNP5718	1	0	0	0	0	0	1
43	SNP630	0	0	0	0	1	0	1
44	SNP6697	0	0	0	1	0	0	1
45	SNP7137	1	0	0	0	0	0	1
46	SNP7200	0	0	0	0	1	0	1
47	SNP7207	0	0	0	1	0	0	1
48	SNP7968	1	0	0	0	0	0	1
49	SNP8174	1	0	0	0	0	0	1
50	SNP8202	0	0	0	0	1	0	1
51	SNP8585	0	0	1	0	0	0	1
52	SNP9422	1	0	0	0	0	0	1
53	SNP9482	0	0	0	0	1	0	1
54	SNP992	0	1	0	0	0	0	1
55	SNP9920	1	0	0	0	0	0	1
