Marker	Chromosome	Position	-log(P-value)
SNP2684	2	17351410	-4.15614457737684
SNP3960	3	13077093	-5.18708664335714
SNP4898	3	36375028	-3.20078700019415
SNP7146	6	8093540	-4.35359627377693
SNP7192	6	9531374	-4.54821356447571
SNP7194	6	9652192	-4.96657624451305
SNP8964	8	14879639	-3.82596637290559
SNP9004	8	16698374	-3.76969927496225
SNP10376	10	17108109	-2.86466695125818
SNP5012	4	4271251	-3.75156324287552
SNP7186	6	9316811	-3.67346752193279
SNP7200	6	9834592	-3.44664014007893
SNP8427	7	24784697	-3.35651968747156
SNP3781	3	8336216	-2.32670329742662
SNP3803	3	8755446	-2.02912652398858
SNP6116	5	6992638	-2.93774715143132
SNP6973	6	3377594	-3.50379016190412
SNP7010	6	4563344	-2.90902952672426
SNP7193	6	9604741	-4.10182351650232
SNP7445	6	18116204	-3.71812160435982
SNP8963	8	14875638	-3.59084152382686
SNP996	1	23340988	-3.91176465533241
SNP10094	10	4722440	-2.24151209208894
SNP10392	10	17504038	-2.30686476262759
SNP1303	1	30547272	-2.14106862753929
SNP1459	1	33895468	-2.21848868844969
SNP3597	3	3645117	-2.60606242173312
SNP3635	3	4511312	-2.95348844750349
SNP3941	3	12511275	-2.6525585463303
SNP4094	3	16657335	-2.05767887148668
SNP4925	4	519919	-2.49432375860334
SNP5187	4	11650104	-2.5803640628153
SNP70	1	1444302	-3.05464123336562
SNP7390	6	16416489	-3.165157288336
SNP7447	6	18149332	-3.96944885049652
SNP7471	6	19782823	-2.11576340633363
SNP845	1	18613112	-2.02316582565752
SNP8585	8	51045	-3.26419358267287
SNP931	1	22140434	-2.23916822107959
SNP9422	9	3654909	-2.57222316024429
SNP994	1	23337182	-3.6965080317515
SNP10260	10	12701833	-2.00075789678524
SNP10489	10	20364062	-2.05070730573947
SNP10647	11	3515144	-2.15899280134635
SNP11144	11	20396127	-1.13157356279449
SNP11343	11	22159361	-0.518863655651471
SNP11377	11	22194411	-2.28048682813401
SNP11511	11	25933098	-1.10004538473613
SNP11816	12	9907996	-0.615317605614893
SNP11921	12	14122565	-2.50936741181444
SNP12107	12	21835481	-2.03662745281201
SNP12117	12	22098232	-2.39824846726995
SNP1467	1	34082456	-1.99454672294205
SNP1600	1	36728890	-2.60560768848535
SNP181	1	3824930	-2.63758708579487
SNP2187	2	576767	-1.73922459980114
SNP2664	2	16875907	-2.11775622198988
SNP3124	2	28723913	-1.25962644538336
SNP3497	3	1209367	-1.877760883497
SNP3729	3	6827177	-1.21552116882566
SNP3814	3	8943798	-1.85799571859291
SNP3817	3	9065174	-1.02695925427987
SNP3819	3	9081376	-2.22254519225695
SNP3930	3	12306103	-0.789255032078857
SNP4066	3	16019110	-1.90414225339466
SNP4093	3	16601179	-2.19544692366231
SNP4894	3	36315243	-0.785176278260491
SNP5000	4	3631280	-2.3650579510114
SNP5016	4	4292647	-1.86932893179527
SNP5022	4	4450756	-1.93650901738063
SNP5185	4	11480158	-2.19987436331742
SNP5383	4	20203767	-1.93166702271882
SNP5619	4	28696927	-1.05113299863493
SNP5718	4	31299165	-2.41374777136385
SNP5794	4	33041013	-1.18780636424275
SNP5888	5	785424	-2.34469431715479
SNP596	1	10141686	-1.27465268842674
SNP63	1	1175090	-2.53685879676739
SNP630	1	11210244	-2.47016851922039
SNP6334	5	17074291	-1.14178661687289
SNP6697	5	27291245	-2.86080530903363
SNP6751	5	28426785	-1.16835380740358
SNP6948	6	3038013	-0.98778672259044
SNP6977	6	3428554	-2.32033975440527
SNP6980	6	3514995	-2.02549738010537
SNP7051	6	5776939	-1.1326006728487
SNP7052	6	5812463	-1.97520473078543
SNP7171	6	8761891	-1.01657219427236
SNP7189	6	9362972	-3.39534310721411
SNP7191	6	9529974	-2.7485958993912
SNP7207	6	10084550	-2.6240612676431
SNP7226	6	10687993	-3.07433370581985
SNP7228	6	10727517	-0.430722996860055
SNP74	1	1504625	-2.24721671764148
SNP7455	6	19328691	-2.0272455691425
SNP7456	6	19359129	-2.24499689338729
SNP7514	6	21108852	-1.97576738870547
SNP7609	6	24032386	-1.08720998990868
SNP7716	6	26354806	-2.09638196063977
SNP7961	7	3189325	-1.64974036832135
SNP7968	7	3559580	-2.38443204314849
SNP7974	7	3974654	-1.83027558675261
SNP8000	7	5309784	-2.10814755614408
SNP8017	7	5932127	-2.62139808308651
SNP8145	7	13547060	-0.333144636324702
SNP8174	7	15702110	-2.56898960574288
SNP8202	7	16963837	-2.44446216839642
SNP8374	7	23212781	-2.03759656621092
SNP8512	7	27197939	-2.51183580833657
SNP8552	7	28834114	-2.23053227917451
SNP8554	7	28883753	-2.09294998491951
SNP8885	8	10395951	-2.9698805745148
SNP8892	8	10653252	-2.73322166228435
SNP8909	8	11565497	-1.64201180281848
SNP8974	8	15199041	-3.68816987929198
SNP933	1	22177253	-2.24576484027262
SNP9395	9	2401112	-2.24272258320364
SNP9482	9	6030896	-2.40199039343072
SNP950	1	22594661	-1.01381387443079
SNP952	1	22625023	-2.46944903687982
SNP9548	9	7867785	-2.25478619394645
SNP9926	9	20027577	-1.98283689285501
