Num	Marker	CV-1_RRB	CV-2_RRB	CV-3_RRB	CV-1_BTS	CV-2_BTS	CV-3_BTS	Total_score
1	SNP2684	1	1	1	1	1	1	6
2	SNP3960	1	1	1	1	1	1	6
3	SNP4898	1	1	1	1	1	1	6
4	SNP7146	1	1	1	1	1	1	6
5	SNP7192	1	1	1	1	1	1	6
6	SNP7194	1	1	1	1	1	1	6
7	SNP8964	1	1	1	1	1	1	6
8	SNP9004	1	1	1	1	1	1	6
9	SNP10376	1	1	1	0	1	0	4
10	SNP5012	0	1	1	0	1	1	4
11	SNP7186	1	1	1	1	0	0	4
12	SNP7200	1	0	0	1	1	1	4
13	SNP8427	1	1	0	1	1	0	4
14	SNP3781	0	1	1	0	1	0	3
15	SNP3803	1	0	0	1	0	1	3
16	SNP6116	1	0	1	1	0	0	3
17	SNP6973	0	1	1	0	1	0	3
18	SNP7010	1	0	1	0	0	1	3
19	SNP7193	0	0	1	0	1	1	3
20	SNP7445	0	1	1	0	0	1	3
21	SNP8963	1	1	0	0	1	0	3
22	SNP996	1	0	1	1	0	0	3
23	SNP10094	0	0	0	1	1	0	2
24	SNP10392	0	0	1	0	1	0	2
25	SNP1303	1	0	1	0	0	0	2
26	SNP1459	1	0	0	1	0	0	2
27	SNP3597	0	0	0	1	0	1	2
28	SNP3635	0	0	0	1	0	1	2
29	SNP3941	1	0	1	0	0	0	2
30	SNP4094	0	0	1	0	0	1	2
31	SNP4925	0	1	1	0	0	0	2
32	SNP5187	0	0	1	1	0	0	2
33	SNP70	1	0	0	0	1	0	2
34	SNP7390	0	0	0	1	0	1	2
35	SNP7447	0	0	0	0	1	1	2
36	SNP7471	1	0	1	0	0	0	2
37	SNP845	1	0	0	1	0	0	2
38	SNP8585	0	0	0	0	1	1	2
39	SNP931	1	0	0	0	1	0	2
40	SNP9422	0	1	1	0	0	0	2
41	SNP994	0	1	0	0	1	0	2
42	SNP10260	1	0	0	0	0	0	1
43	SNP10489	1	0	0	0	0	0	1
44	SNP10647	1	0	0	0	0	0	1
45	SNP11144	0	0	0	1	0	0	1
46	SNP11343	0	0	0	1	0	0	1
47	SNP11377	0	0	0	1	0	0	1
48	SNP11511	0	0	0	1	0	0	1
49	SNP11816	0	0	0	1	0	0	1
50	SNP11921	1	0	0	0	0	0	1
51	SNP12107	1	0	0	0	0	0	1
52	SNP12117	0	0	0	1	0	0	1
53	SNP1467	0	0	1	0	0	0	1
54	SNP1600	0	1	0	0	0	0	1
55	SNP181	0	0	1	0	0	0	1
56	SNP2187	0	0	0	0	0	1	1
57	SNP2664	0	0	0	0	1	0	1
58	SNP3124	0	0	0	1	0	0	1
59	SNP3497	0	0	1	0	0	0	1
60	SNP3729	0	0	0	0	1	0	1
61	SNP3814	0	0	0	0	0	1	1
62	SNP3817	0	0	0	1	0	0	1
63	SNP3819	0	0	1	0	0	0	1
64	SNP3930	0	0	0	0	0	1	1
65	SNP4066	1	0	0	0	0	0	1
66	SNP4093	0	0	1	0	0	0	1
67	SNP4894	0	0	0	0	0	1	1
68	SNP5000	0	0	1	0	0	0	1
69	SNP5016	0	0	1	0	0	0	1
70	SNP5022	1	0	0	0	0	0	1
71	SNP5185	1	0	0	0	0	0	1
72	SNP5383	0	0	1	0	0	0	1
73	SNP5619	0	0	0	1	0	0	1
74	SNP5718	0	1	0	0	0	0	1
75	SNP5794	0	0	0	1	0	0	1
76	SNP5888	1	0	0	0	0	0	1
77	SNP596	0	0	0	0	0	1	1
78	SNP63	1	0	0	0	0	0	1
79	SNP630	0	0	0	0	1	0	1
80	SNP6334	0	0	0	1	0	0	1
81	SNP6697	0	0	0	0	1	0	1
82	SNP6751	0	0	0	0	0	1	1
83	SNP6948	0	0	0	1	0	0	1
84	SNP6977	0	0	1	0	0	0	1
85	SNP6980	0	0	1	0	0	0	1
86	SNP7051	0	0	0	1	0	0	1
87	SNP7052	1	0	0	0	0	0	1
88	SNP7171	0	0	0	0	0	1	1
89	SNP7189	0	0	0	0	1	0	1
90	SNP7191	1	0	0	0	0	0	1
91	SNP7207	0	0	1	0	0	0	1
92	SNP7226	0	0	1	0	0	0	1
93	SNP7228	0	0	0	0	0	1	1
94	SNP74	0	1	0	0	0	0	1
95	SNP7455	0	0	1	0	0	0	1
96	SNP7456	1	0	0	0	0	0	1
97	SNP7514	1	0	0	0	0	0	1
98	SNP7609	0	0	0	1	0	0	1
99	SNP7716	1	0	0	0	0	0	1
100	SNP7961	0	0	0	0	0	1	1
101	SNP7968	0	0	1	0	0	0	1
102	SNP7974	0	0	0	0	0	1	1
103	SNP8000	1	0	0	0	0	0	1
104	SNP8017	0	0	0	1	0	0	1
105	SNP8145	0	0	0	0	0	1	1
106	SNP8174	0	1	0	0	0	0	1
107	SNP8202	0	0	1	0	0	0	1
108	SNP8374	0	0	1	0	0	0	1
109	SNP8512	0	0	0	1	0	0	1
110	SNP8552	0	0	1	0	0	0	1
111	SNP8554	1	0	0	0	0	0	1
112	SNP8885	0	1	0	0	0	0	1
113	SNP8892	0	1	0	0	0	0	1
114	SNP8909	0	0	0	0	0	1	1
115	SNP8974	0	0	0	1	0	0	1
116	SNP933	1	0	0	0	0	0	1
117	SNP9395	0	0	1	0	0	0	1
118	SNP9482	0	0	0	1	0	0	1
119	SNP950	0	0	0	0	0	1	1
120	SNP952	0	0	0	1	0	0	1
121	SNP9548	1	0	0	0	0	0	1
122	SNP9926	1	0	0	0	0	0	1
